service_id,monday,tuesday,wednesday,thursday,friday,saturday,sunday,start_date,end_date
18N-H50N000S-85-S,1,1,1,1,1,0,0,20181029,20181130
18N-H50N000S-85-SV,0,0,0,0,1,0,0,20181029,20181130
18N-H54N000S-81-S,1,1,1,1,1,0,0,20181029,20190104
18N-H55N000S-84-S,1,1,1,1,1,0,0,20181029,20190104
18N-H55N000S-84-SV,0,0,0,0,1,0,0,20181029,20190104
18N-H56N000S-84-S,1,1,1,1,1,0,0,20181029,20190104
18N-H56N000S-84-SV,0,0,0,0,1,0,0,20181029,20190104
18N-H57N000S-82-S,1,1,1,1,1,0,0,20181029,20190104
18N-H58N000S-86-S,1,1,1,1,1,0,0,20181029,20190104
18N-H58N000S-86-SLMM,1,1,1,0,0,0,0,20181029,20190104
18N-H59N000S-86-S,1,1,1,1,1,0,0,20181029,20190104
18N-H59N000S-86-SV,0,0,0,0,1,0,0,20181029,20190104
18N-H60N000S-86-S,1,1,1,1,1,0,0,20181029,20190104
18N-H60N000S-86-SV,0,0,0,0,1,0,0,20181029,20190104
18N-H62N000S-01-S,1,1,1,1,1,0,0,20181029,20190104
18N-H62N000S-01-S260,1,0,1,1,0,0,0,20181029,20190104
18N-H62N000S-01-SLMJ,1,1,0,1,0,0,0,20181029,20190104
18N-H62N000S-01-SLMV,1,0,1,0,1,0,0,20181029,20190104
18N-H62N000S-01-SMJ,0,1,0,1,0,0,0,20181029,20190104
18N-H62N000S-01-SMMJ,0,1,1,1,0,0,0,20181029,20190104
18N-H62N000S-01-SMV,0,0,1,0,1,0,0,20181029,20190104
18N-GLOBAUX-00-S,1,1,1,1,1,0,0,20181029,20190104
18N-H50N000A-00-A,0,0,0,0,0,1,0,20181103,20190105
18N-H54N000A-00-A,0,0,0,0,0,1,0,20181103,20190105
18N-H55N000A-01-A,0,0,0,0,0,1,0,20181103,20190105
18N-H56N000A-00-A,0,0,0,0,0,1,0,20181103,20190105
18N-H57N000A-01-A,0,0,0,0,0,1,0,20181103,20190105
18N-H58N000A-04-A,0,0,0,0,0,1,0,20181103,20190105
18N-H59N000A-02-A,0,0,0,0,0,1,0,20181103,20190105
18N-H60N000A-01-A,0,0,0,0,0,1,0,20181103,20190105
18N-H62N000A-00-A,0,0,0,0,0,1,0,20181103,20190105
18N-GLOBAUX-00-A,0,0,0,0,0,1,0,20181103,20190105
18N-H50N000I-00-I,0,0,0,0,0,0,1,20181104,20190106
18N-H54N000I-01-I,0,0,0,0,0,0,1,20181104,20190106
18N-H55N000I-01-I,0,0,0,0,0,0,1,20181104,20190106
18N-H56N000I-00-I,0,0,0,0,0,0,1,20181104,20190106
18N-H57N000I-01-I,0,0,0,0,0,0,1,20181104,20190106
18N-H58N000I-02-I,0,0,0,0,0,0,1,20181104,20190106
18N-H59N000I-02-I,0,0,0,0,0,0,1,20181104,20190106
18N-H60N000I-01-I,0,0,0,0,0,0,1,20181104,20190106
18N-H62N000I-00-I,0,0,0,0,0,0,1,20181104,20190106
18N-GLOBAUX-00-I,0,0,0,0,0,0,1,20181104,20190106
18N-H50N000S-86-S,1,1,1,1,1,0,0,20181203,20190104
18N-H50N000S-86-SV,0,0,0,0,1,0,0,20181203,20190104
18N-H50N100F-00-F1,0,1,0,0,0,0,0,20181225,20181225
18N-H54N100F-01-F1,0,1,0,0,0,0,0,20181225,20181225
18N-H55N100F-00-F1,0,1,0,0,0,0,0,20181225,20181225
18N-H56N100F-00-F1,0,1,0,0,0,0,0,20181225,20181225
18N-H57N100F-01-F1,0,1,0,0,0,0,0,20181225,20181225
18N-H58N100F-00-F1,0,1,0,0,0,0,0,20181225,20181225
18N-H59N100F-01-F1,0,1,0,0,0,0,0,20181225,20181225
18N-H60N100F-01-F1,0,1,0,0,0,0,0,20181225,20181225
18N-H62N100F-00-F1,0,1,0,0,0,0,0,20181225,20181225
18N-GLOBAUX-00-F1,0,1,0,0,0,0,0,20181225,20181225
18N-H50N200F-00-F2,0,0,1,0,0,0,0,20181226,20181226
18N-H54N200F-01-F2,0,0,1,0,0,0,0,20181226,20181226
18N-H55N200F-00-F2,0,0,1,0,0,0,0,20181226,20181226
18N-H56N200F-00-F2,0,0,1,0,0,0,0,20181226,20181226
18N-H57N200F-01-F2,0,0,1,0,0,0,0,20181226,20181226
18N-H58N200F-00-F2,0,0,1,0,0,0,0,20181226,20181226
18N-H59N200F-03-F2,0,0,1,0,0,0,0,20181226,20181226
18N-H60N200F-01-F2,0,0,1,0,0,0,0,20181226,20181226
18N-H62N200F-00-F2,0,0,1,0,0,0,0,20181226,20181226
18N-GLOBAUX-00-F2,0,0,1,0,0,0,0,20181226,20181226
18N-H50N300F-00-F3,0,1,0,0,0,0,0,20190101,20190101
18N-H54N300F-01-F3,0,1,0,0,0,0,0,20190101,20190101
18N-H55N300F-00-F3,0,1,0,0,0,0,0,20190101,20190101
18N-H56N300F-00-F3,0,1,0,0,0,0,0,20190101,20190101
18N-H57N300F-01-F3,0,1,0,0,0,0,0,20190101,20190101
18N-H58N300F-00-F3,0,1,0,0,0,0,0,20190101,20190101
18N-H59N300F-01-F3,0,1,0,0,0,0,0,20190101,20190101
18N-H60N300F-02-F3,0,1,0,0,0,0,0,20190101,20190101
18N-H62N300F-00-F3,0,1,0,0,0,0,0,20190101,20190101
18N-GLOBAUX-00-F3,0,1,0,0,0,0,0,20190101,20190101
18N-H50N400F-00-F4,0,0,1,0,0,0,0,20190102,20190102
18N-H54N400F-01-F4,0,0,1,0,0,0,0,20190102,20190102
18N-H55N400F-00-F4,0,0,1,0,0,0,0,20190102,20190102
18N-H56N400F-00-F4,0,0,1,0,0,0,0,20190102,20190102
18N-H57N400F-00-F4,0,0,1,0,0,0,0,20190102,20190102
18N-H58N400F-00-F4,0,0,1,0,0,0,0,20190102,20190102
18N-H59N400F-02-F4,0,0,1,0,0,0,0,20190102,20190102
18N-H60N400F-02-F4,0,0,1,0,0,0,0,20190102,20190102
18N-H62N400F-00-F4,0,0,1,0,0,0,0,20190102,20190102
18N-GLOBAUX-00-F4,0,0,1,0,0,0,0,20190102,20190102
19J-H50J000S-85-S,1,1,1,1,1,0,0,20190107,20190322
19J-H50J000S-85-SV,0,0,0,0,1,0,0,20190107,20190322
19J-H54J000S-83-S,1,1,1,1,1,0,0,20190107,20190322
19J-H56J000S-88-S,1,1,1,1,1,0,0,20190107,20190322
19J-H56J000S-88-SV,0,0,0,0,1,0,0,20190107,20190322
19J-H57J000S-83-S,1,1,1,1,1,0,0,20190107,20190111
19J-H58J000S-83-S,1,1,1,1,1,0,0,20190107,20190322
19J-H58J000S-83-SLMM,1,1,1,0,0,0,0,20190107,20190322
19J-H58J000S-83-SV,0,0,0,0,1,0,0,20190107,20190322
19J-H59J000S-81-S,1,1,1,1,1,0,0,20190107,20190322
19J-H59J000S-81-SV,0,0,0,0,1,0,0,20190107,20190322
19J-H60J000S-85-S,1,1,1,1,1,0,0,20190107,20190322
19J-H60J000S-85-SV,0,0,0,0,1,0,0,20190107,20190322
19J-H62J000S-00-S,1,1,1,1,1,0,0,20190107,20190322
19J-H62J000S-00-S260,1,0,1,1,0,0,0,20190107,20190322
19J-H62J000S-00-SLMJ,1,1,0,1,0,0,0,20190107,20190322
19J-H62J000S-00-SLMV,1,0,1,0,1,0,0,20190107,20190322
19J-H62J000S-00-SMJ,0,1,0,1,0,0,0,20190107,20190322
19J-H62J000S-00-SMMJ,0,1,1,1,0,0,0,20190107,20190322
19J-H62J000S-00-SMV,0,0,1,0,1,0,0,20190107,20190322
19J-GLOBAUX-00-S,1,1,1,1,1,0,0,20190107,20190322
19J-H50J000A-01-A,0,0,0,0,0,1,0,20190112,20190323
19J-H54J000A-01-A,0,0,0,0,0,1,0,20190112,20190323
19J-H56J000A-03-A,0,0,0,0,0,1,0,20190112,20190323
19J-H57J000A-03-A,0,0,0,0,0,1,0,20190112,20190323
19J-H58J000A-03-A,0,0,0,0,0,1,0,20190112,20190323
19J-H59J000A-00-A,0,0,0,0,0,1,0,20190112,20190323
19J-H60J000A-03-A,0,0,0,0,0,1,0,20190112,20190323
19J-H62J000A-00-A,0,0,0,0,0,1,0,20190112,20190323
19J-GLOBAUX-00-A,0,0,0,0,0,1,0,20190112,20190323
19J-H50J000I-01-I,0,0,0,0,0,0,1,20190113,20190324
19J-H54J000I-01-I,0,0,0,0,0,0,1,20190113,20190324
19J-H56J000I-04-I,0,0,0,0,0,0,1,20190113,20190324
19J-H57J000I-05-I,0,0,0,0,0,0,1,20190113,20190324
19J-H58J000I-01-I,0,0,0,0,0,0,1,20190113,20190324
19J-H59J000I-02-I,0,0,0,0,0,0,1,20190113,20190324
19J-H60J000I-02-I,0,0,0,0,0,0,1,20190113,20190324
19J-H62J000I-00-I,0,0,0,0,0,0,1,20190113,20190324
19J-GLOBAUX-00-I,0,0,0,0,0,0,1,20190113,20190324
19J-H57J000S-84-S,1,1,1,1,1,0,0,20190114,20190322
